0
0
0
142
607
-946
-81
693
883
337
-754
-946
-277
866
412
-344
839
-444
-632
681
-534
-344
-1012
-107
353
-946
-81
693
883
337
-754
-946
234
-674
158
-344
839
-444
-632
681
-534
-344
-1012
-107
353
-946
-81
693
883
337
-754
-946
-277
866
412
-344
839
-444
-632
681
-534
-344
525
-615
607
-946
-81
693
883
337
-754
-946
-277
866
412
-344
839
-444
-632
681
-534
-344
-1012
-107
353
-946
-81
693
883
337
-754
-946
234
-674
158
-344
839
-444
-632
681
-534
-344
-1012
-107
353
-946
-81
693
883
337
-754
-946
-277
866
412
-344
839
-444
-632
681
-534
-344
525
-615
607
-946
-81
693
883
337
-754
-946
-277
866
412
-344
839
-444
-632
681
-534
-344
-1012
-107
353
-946
-81
693
883
337
-754
-946
-277
866
412
-344
839
-444
-632
681
-534
-344
-1012
-107
353
-946
-81
693
883
337
-754
-946
234
-674
158
-344
839
-444
-632
681
-534
-344
525
-615
607
-946
-81
693
883
337
-754
-946
-277
866
412
-344
839
-444
-632
681
-534
