0
0
0
-4
-4
272
-120
268
376
-12
376
272
-116
276
-4
-312
80
-304
-420
4
-424
-312
80
-312
-24
272
-120
268
376
-12
376
272
-116
276
-24
-312
80
-304
-420
4
-424
-312
80
-312
-24
272
-120
268
376
-12
376
272
-116
276
-4
-312
80
-304
-420
4
-424
-312
80
-312
-4
272
-120
268
376
-12
376
272
-116
276
-4
-312
80
-304
-420
4
-424
-312
80
-312
-24
272
-120
268
376
-12
376
272
-116
276
-24
-312
80
-304
-420
4
-424
-312
80
-312
-24
272
-120
268
376
-12
376
272
-116
276
-4
-312
80
-304
-420
4
-424
-312
80
-312
-4
272
-120
268
376
-12
376
272
-116
276
-4
-312
80
-304
-420
4
-424
-312
80
-312
-24
272
-120
268
376
-12
376
272
-116
276
-4
-312
80
-304
-420
4
-424
-312
80
-312
-24
272
-120
268
376
-12
376
272
-116
276
-24
-312
80
-304
-420
4
-424
-312
80
-312
-4
272
-120
268
376
-12
376
272
-116
276
-4
-312
80
-304
-420
4
-424
