0
-1
-8
-13
33
120
192
279
401
481
499
481
409
292
159
0
-160
-293
-410
-482
-500
-482
-410
-293
-160
0
159
292
409
481
499
481
409
292
159
0
-160
-293
-410
-482
-500
-482
-410
-293
-160
-1
159
292
409
481
499
481
409
292
159
0
-160
-293
-410
-482
-500
-482
-410
-293
-160
0
159
292
409
481
499
481
409
292
159
0
-160
-293
-410
-482
-500
-482
-410
-293
-160
0
159
292
409
481
499
481
409
292
159
-1
-160
-293
-410
-482
-500
-482
-410
-293
-160
-1
159
292
409
481
499
481
409
292
159
0
-160
-293
-410
-482
-500
-482
-410
-293
-160
0
159
292
409
481
499
481
409
292
159
-1
-160
-293
-410
-482
-500
-482
-410
-293
-160
-1
159
292
409
481
499
481
409
292
159
0
-160
-293
-410
-482
-500
-482
-410
-293
-160
-1
159
292
409
481
499
481
409
292
159
-1
-160
-293
-410
-482
-500
-482
-410
-293
-160
0
159
292
409
481
499
481
409
292
159
0
-160
-293
-410
-482
-500
