0
0
0
0
0
0
0
-8
-8
-24
16
104
168
248
376
456
464
456
368
248
120
368
248
120
-448
-528
-544
-528
-448
-328
-200
-40
112
240
368
456
464
456
368
240
112
-40
240
112
-40
-200
-328
-448
-448
-328
-200
-448
-328
-200
-40
112
240
368
456
464
120
-32
-192
-320
-448
-528
-544
-528
-448
-544
-528
-448
-320
-192
-32
120
248
368
368
248
120
368
248
120
-448
-528
-544
-528
-448
-328
-528
-448
-328
-200
-40
112
240
368
456
240
112
-40
-200
-328
-448
-528
-544
-528
-448
-328
-200
-448
-328
-200
-40
112
240
456
368
248
120
-32
-192
120
-32
-192
-320
-448
-528
-544
-528
-448
120
248
368
120
248
368
368
248
120
368
248
120
-32
-192
-320
-528
-448
-328
-528
-448
-328
240
368
456
464
456
368
248
120
-32
248
120
-32
-528
-544
-528
-528
-544
-528
-40
112
240
-40
112
240
368
456
464
456
368
240
-328
-448
-528
-544
-528
-448
-544
-528
-448
120
248
368
456
464
456
456
464
456
-32
-192
-320
-32
-192
-320
