0
0
0
-1
-1
68
-30
67
94
-3
94
68
-29
69
-1
-78
20
-76
-105
1
-106
-78
20
-78
-6
68
-30
67
94
-3
94
68
-29
69
-6
-78
20
-76
-105
1
-106
-78
20
-78
-6
68
-30
67
94
-3
94
68
-29
69
-1
-78
20
-76
-105
1
-106
-78
20
-78
-1
68
-30
67
94
-3
94
68
-29
69
-1
-78
20
-76
-105
1
-106
-78
20
-78
-6
68
-30
67
94
-3
94
68
-29
69
-6
-78
20
-76
-105
1
-106
-78
20
-78
-6
68
-30
67
94
-3
94
68
-29
69
-1
-78
20
-76
-105
1
-106
-78
20
-78
-1
68
-30
67
94
-3
94
68
-29
69
-1
-78
20
-76
-105
1
-106
-78
20
-78
-6
68
-30
67
94
-3
94
68
-29
69
-1
-78
20
-76
-105
1
-106
-78
20
-78
-6
68
-30
67
94
-3
94
68
-29
69
-6
-78
20
-76
-105
1
-106
-78
20
-78
-1
68
-30
67
94
-3
94
68
-29
69
-1
-78
20
-76
-105
1
-106
